111205
113006
113150
111100
111250
112100
116000
111310
111313
112000
114580
116285
118040
111290
112010
116320
116061
116360
114470
117180
111450
116620
116700
112020
116245
117240
112103
113020
114008
113230
111350
112305
114000
118030
114004
117040
116051
113265
117280
112120
112060
117060
114400
117260
119010
117160
116070
112160
116063
116310
116065
111300
114450
111455
114150
114020
116340
116250
113260
116380
116040
117020
112140
118020
114200
111200
112110
114001
114360
111520
116280
116240
116760
114620
118320
114610
117140
112170
113140
114550
116720
117320
114500
114405
117120
111105
114031
122793
122602
122808
122512
122306
123025
125040
123888
123750
122590
123890
123885
125100
122641
123101
105174
121201
122659
121150
121068
123103
121230
123740
121070
123691
123593
122790
123690
122500
122435
123008
123110
230184
122371
121130
122380
122797
121220
121020
123303
122606
123588
123695
122771
121000
122504
121226
121019
122595
122480
122725
122760
125035
122506
123595
125120
122651
125044
121228
123212
123225
122440
122540
123178
122361
123688
122490
121224
122715
123235
121231
123035
122415
121001
123893
121223
122776
123590
122680
122736
122425
125050
122390
122501
112175
122685
123301
123693
123895
663523
236615
665423
667223
761023
236610
278023
409823
239102
837423
501023
228623
708023
231023
767223
839523
237698
236688
757323
402523
227523
749823
657623
762523
508223
164315
164341
162971
162961
162900
164345
163000
161200
239720
160500
162902
162650
164340
164310
164344
160200
164180
164405
163500
239710
160600
161600
164425
162800
239715
160150
162825
161000
164420
164500
164359
164000
162951
164400
164358
162500
132450
137860
139243
130760
137350
137857
139653
130550
137450
139728
132065
131300
136173
133560
133320
136164
131125
132907
132905
132420
132835
130670
138120
134260
133410
131700
137870
132400
136250
134250
132723
138205
133327
135600
139260
130150
139205
131450
131200
139207
136162
134200
132800
131100
131140
132805
131900
135374
133312
137050
132862
137813
137310
132830
133450
130992
137053
134265
133330
135415
137160
132724
133015
135300
136350
136190
136180
130700
138105
133360
132055
130750
131940
135371
137190
136210
132855
130400
138110
139171
131110
136260
130450
139705
133350
139485
138000
133300
139255
130460
133406
133260
132810
132600
139729
133555
131290
131280
132741
138010
139727
138007
135965
133490
134980
139198
138210
131946
132880
133315
137162
139215
132735
137055
133333
131115
137183
135550
139395
135962
134280
133356
135743
135737
136230
133010
131650
139723
137425
139523
139665
134650
132861
135750
139722
132875
130470
132080
132728
135734
137345
139495
132550
139715
137360
136158
132500
138100
133400
132280
132640
135760
139135
132870
139400
132950
132193
132570
133325
220327
090408
220290
214956
213361
226410
215192
130708
226420
215152
215101
227135
227100
226445
220292
220288
218210
220376
035322
215620
220289
215122
215692
213410
215131
213424
220832
214911
223300
215950
215102
215182
220806
215176
211755
218236
215195
224000
223332
211759
220298
213050
207492
297920
203026
209310
207424
202014
203115
205274
201646
525520
205270
206250
202273
205265
201405
202640
207505
191640
159090
202281
813520
202275
208158
203623
191620
202247
207482
205336
208028
207028
207381
201650
203072
202378
207240
206288
203094
203510
207155
205490
206040
203540
204014
208125
203028
208024
208111
208168
203105
203041
190750
205550
209540
202293
203617
202979
816020
202242
206300
128020
260519
202260
203203
202270
207551
802920
203211
208092
203618
201140
207543
208036
203077
206190
202725
734720
810520
206276
205555
208030
192852
203068
203520
203062
205250
203117
206210
207546
202004
191870
191581
206344
203620
206158
209548
192445
202396
206357
191000
207541
201639
205268
202012
207539
202512
204016
202382
203024
201046
201522
226720
205592
208172
202394
207441
381005
203025
207373
203103
201632
208107
161000
203059
206257
203039
203240
297720
203248
299920
207532
207106
711520
206041
110020
208027
192840
206273
208110
202244
207559
223920
208156
191700
191200
202615
203016
206373
205276
202285
152090
207531
203018
192930
202278
209755
203320
202392
203047
208022
205454
206364
209435
753320
191420
202241
202282
209515
203087
203113
209320
207517
209711
202810
201735
191500
201630
202292
205277
401520
192920
202272
202414
209700
206442
203035
206353
206192
203085
205482
208150
203051
192450
202249
205548
208185
208029
571520
206333
635920
192610
191635
194040
209731
570620
206345
192855
206367
205331
203091
208081
202545
202238
207544
203038
194020
753420
203530
209804
202978
203157
202432
402019
207032
206278
203071
203440
209781
207485
209420
201040
206071
202251
206335
206422
202556
207090
203019
206351
208105
203031
191850
207342
191250
202404
205492
194050
209425
206155
207246
202553
202610
208080
206263
208160
206261
191070
192400
191050
203619
205275
202977
203116
191590
190730
191100
201070
207514
202264
203102
203052
209800
205706
206211
202210
208120
203023
652745
229520
208065
202320
203208
207549
141094
202015
207527
209716
201280
207026
207450
203207
209322
203106
203067
229620
202291
302720
202402
207477
202815
201270
202825
208034
205718
202295
203021
652790
150090
206322
192600
194220
202257
208090
203610
208127
207548
203114
206264
230720
191637
207460
209806
207176
202991
205557
206255
202239
209758
192605
203118
754620
201645
201075
207135
207540
203034
204019
206323
191520
209517
209546
202008
207476
130820
207528
203107
205710
202017
206265
307620
644220
736220
191710
207520
192895
202245
202287
209721
206368
202515
362320
192480
202391
205256
208161
205712
207025
205448
208095
202290
205552
202998
202996
206159
207362
305820
207473
202262
194120
207507
201631
202995
203212
207244
203089
203009
208035
203382
202416
202266
304720
206348
206342
229420
202760
202549
208089
208021
205330
191380
202240
191632
209460
208086
209415
202283
201200
191340
203119
203104
208071
203036
208068
201647
207115
202982
202680
202555
227520
202274
203205
306120
208037
202470
208152
206258
203624
207526
362420
207535
194010
208040
209714
201644
205260
194060
202997
191530
207095
202981
207530
208162
206045
203013
207125
207545
207070
208023
203372
192520
208020
239620
206354
203006
401920
208087
204015
203204
203095
209802
206280
202248
202999
192860
208031
203093
192541
191320
206324
127020
191260
209760
207154
208033
207542
205450
202294
207443
205453
203161
206044
803020
192970
207523
206371
208121
205551
203017
206272
202820
205488
191080
202305
206075
206267
207537
205255
208070
203079
202006
207175
206275
203076
205554
208170
207490
203061
203088
194302
361220
206230
634720
208137
202989
203063
202976
203108
208038
978120
203014
208166
191290
207372
209791
203092
206262
203022
201308
207529
206042
208032
209512
754520
208165
203282
202307
202399
207030
203058
206372
207474
205486
209445
209542
201310
202720
208154
202010
201302
203082
208025
201260
202389
203086
203027
203109
207242
202259
203048
208180
205711
206043
207092
205556
202993
201043
191630
205716
205704
209776
754420
202243
412019
202986
203480
206286
206347
202019
202296
203037
207480
203007
131020
202255
202267
207320
204012
194030
208167
303520
209713
207522
206266
206359
203044
208097
208088
208140
205267
202284
201306
209305
224220
202406
208164
202552
205714
207280
207556
207553
753920
203056
209300
298220
207097
812020
202387
203209
207512
635720
203373
202994
207023
206162
202480
208141
202002
202548
201045
207347
207377
207472
642220
301720
203029
803120
298120
203090
201648
209801
207478
205335
255320
206065
191720
208026
555120
206156
206274
202271
209726
202551
209750
203011
206157
191360
205715
207525
202256
206260
192890
207487
202297
202289
201141
709220
191280
201640
203246
207072
208135
204018
202970
203054
203015
202279
201170
209410
192850
203612
191400
209315
202299
222815
161294
220389
223314
221908
221955
221960
226410
101674
229930
229908
010210
227510
222088
223306
220306
220286
220292
227300
181294
220387
220375
221927
220317
220800
222806
222818
227315
227655
220296
220316
224017
220293
229720
227653
220832
225200
221592
229919
223308
220806
222084
225220
222805
221939
227670
223322
221933
220386
222082
229708
220380
223326
656310
221965
224010
229932
226439
227115
229701
223310
221936
170404
222072
222055
222819
227453
229918
225623
229700
229713
229917
030310
221905
227105
170412
223318
224029
227305
221947
220326
221903
223328
220307
220810
224023
227500
220297
220359
229916
229709
220320
222076
223332
220388
220334
221925
220298
229704
221972
227650
220290
229920
224011
224028
070304
221974
222070
226400
201625
227680
229714
221930
226436
229719
220322
225621
226445
229723
229750
224016
222074
222814
225235
220376
220378
222080
222086
141204
080608
221942
229707
222090
221946
222078
220370
170424
223324
170440
220312
225226
222060
222065
225227
229751
222092
223320
220374
221970
221950
221949
225627
229717
221928
282023
223330
222800
220291
220327
222050
229722
170408
221926
220348
229703
227470
226420
226433
221941
227455
223312
225237
170431
227100
225600
222825
220323
221923
229718
222807
227515
227310
170420
220288
225620
220287
221920
220289
225225
229765
221940
221938
221976
226430
070308
222812
224022
221900
220294
229702
227505
170416
221935
223316
226442
229706
227480
227450
220372
229721
220353
229915
070302
220314
221943
229900
225240
100140
300651
303128
308740
302195
302381
301170
303473
307775
300120
301154
302037
308339
301107
308610
309369
300100
302237
304715
301135
303415
305528
120299
308344
160170
100234
303165
309365
130233
309900
301467
309720
309563
302187
308306
308284
307705
100189
302175
303025
309411
304315
307684
302900
300649
308920
308334
303087
309566
302326
302413
309565
304335
308348
308502
704537
100231
309414
301364
200756
302485
309245
302287
302843
302285
302342
302207
100212
300470
160169
301368
302575
300652
301285
307504
302310
302177
304337
306677
309165
306691
308878
309670
100122
303007
318892
301106
100195
303850
307528
307940
308630
302416
308806
300048
300642
160243
308322
308640
308803
309880
100115
302875
303082
303020
301316
160142
306541
308510
306930
307016
308515
309570
307555
130156
304972
160272
309244
120273
302896
308810
200290
303035
120174
307735
120322
100201
308028
304319
303407
303465
308575
308328
309908
307012
302817
309576
302607
100127
301104
309635
302505
309893
309745
303428
301376
308801
305425
313930
305910
200204
302745
318895
302747
304306
302865
301143
309907
100137
309650
300775
309617
302227
302257
300862
300445
302052
307550
308562
309655
160203
307507
309573
305715
308030
309920
302600
302889
200801
303820
308187
301353
304970
305427
301013
354450
301287
130192
300315
301102
120232
302155
302261
308286
308304
304398
308205
309419
120120
100133
302657
305524
306684
354440
160103
302384
308615
302333
302905
308318
130190
307044
307630
301245
302417
200185
306686
303045
306563
306678
305532
306697
308235
318896
307502
130259
308625
304328
309906
307007
300298
302750
302267
308329
300225
309749
308546
804282
160317
160191
302465
309418
302308
628400
308543
303810
302593
303197
306575
300685
307005
160319
302419
302500
301030
300784
130263
308513
304705
303830
306550
309426
300647
308918
100502
130221
309619
309758
300450
302462
308922
308265
130243
120502
100114
307765
308035
309390
307512
304755
302477
130229
504282
302596
308585
300661
301378
309870
305538
309381
309445
301155
309700
301500
306537
302058
307516
309378
309666
302251
308539
302095
130281
303480
305518
302028
309423
308294
301165
302258
303450
304410
304981
309399
304272
304397
200653
305709
120133
303825
302005
100145
306557
303860
309393
300475
304278
306121
309449
300530
303037
306970
308560
309164
309376
302045
305712
302336
309008
302053
302230
304450
309320
308587
309022
302800
308620
302412
308196
303446
307725
302093
309756
301075
309630
160262
305535
306531
305723
301358
309571
308685
308660
302216
130189
308506
303640
628520
301144
303452
308595
160373
130207
306698
120245
160276
301435
306693
307536
309577
308501
302292
302313
100377
301465
300774
308573
160112
308268
306687
301130
303740
304716
300835
308514
305394
300415
302259
302254
303092
309024
309422
308802
304282
309645
309618
309014
301027
302597
309394
308170
308959
308309
303012
160187
300694
301309
130330
302043
301313
308165
302862
200932
309668
308881
302252
309580
300778
308172
309396
305527
301379
302605
302032
309402
308600
301105
302650
302407
309368
300295
302897
301150
300325
302425
302029
302396
302266
303139
303610
308189
100227
120527
303650
300772
301383
302355
302660
300650
300787
309040
303097
305390
120202
304211
308193
309447
302839
304309
120199
627425
656055
303175
306530
309457
120260
160135
300645
300785
130237
307552
303410
307046
307526
302160
300782
302344
304460
304210
307935
130128
309391
120160
303443
309680
309885
307681
300398
354400
300465
307531
301101
301425
307025
308795
309026
304417
308835
309540
302460
302515
302256
302591
309930
308820
308302
302026
307682
100121
309434
400839
304982
160207
100264
309740
301097
303469
303050
306137
308986
300528
303459
303800
121641
309575
305426
307042
301070
300684
303438
307635
306566
301386
303133
309397
301374
302038
302475
303720
308547
303405
308282
308906
301035
303017
308901
304411
309572
305486
306690
309890
302305
308825
302375
302031
160232
308499
303027
354760
160259
308503
309550
308346
308183
303166
301090
305487
307514
301359
302210
306675
308830
302540
625220
302278
308556
307950
302089
120107
302180
302386
100193
307037
302025
307553
309754
160127
200669
308191
303015
308882
309861
302027
160155
306692
304402
300752
100348
301303
301480
301342
300205
307730
309860
160108
302844
300416
302325
300050
100176
308311
301490
309840
627501
301113
301307
302214
309612
120292
308206
309001
304270
300463
160130
300850
302565
309284
309652
307508
308337
309757
301478
301381
120226
306110
301361
303710
314130
160289
300683
308941
309901
302183
300682
160196
300837
100221
307760
309379
604537
308992
308283
304336
308760
307557
309425
305150
300210
304317
301255
100160
309432
300515
302135
302755
301382
160239
300665
302085
120480
303670
309372
308800
308184
302406
309905
300395
200415
305523
306510
301384
308544
302410
304390
302145
656050
300686
305525
300669
304305
160180
301397
302886
307513
309621
302070
308542
308981
308680
308921
302150
308605
309448
343720
120330
302362
302861
303129
305485
304974
303010
308342
200530
303471
300230
318894
613300
301347
301344
308267
120176
303171
308308
308285
300430
308635
308192
303451
308194
307543
305710
309562
309615
308312
305717
309000
309625
302303
308208
301017
309940
306562
354210
309560
308551
302870
160198
302235
302760
302383
300667
302884
300695
120252
302895
160212
303690
309012
303780
302307
200538
120210
309610
301387
302352
300643
301025
309665
302165
300926
308314
305707
309430
304870
301015
308423
309404
160247
301272
302364
306713
308316
302147
308277
308195
303196
307533
305912
305721
302225
302140
305397
302818
303760
303172
304277
160274
276030
309657
308568
100146
303176
309377
304392
301185
